frame x y 
1	47.674294	45.150326	 
2	48.011208	45.013943	 
3	48.49183	45.190086	 
4	48.875885	45.250137	 
5	49.296196	45.277172	 
6	49.705753	45.347992	 
7	50.17733	45.53091	 
8	50.638767	45.5324	 
9	50.986794	45.532345	 
10	51.424973	45.74598	 
11	51.891422	45.716087	 
12	52.262135	45.9	 
13	52.797497	45.961414	 
14	53.23998	46.115505	 
15	53.68546	46.09115	 
16	54.29392	46.348454	 
17	54.715595	46.430405	 
18	55.231228	46.603573	 
19	55.640423	46.633713	 
20	56.14072	46.765465	 
21	56.6018	46.932903	 
22	57.101234	47.02364	 
23	57.61297	47.172237	 
24	58.087437	47.27035	 
25	58.623493	47.489456	 
26	58.977123	47.591	 
27	59.51146	47.721725	 
28	60.006687	47.797672	 
29	60.483696	48.01828	 
30	61.070587	48.15049	 
31	61.458538	48.276585	 
32	61.88514	48.33147	 
33	62.32914	48.475315	 
34	62.839924	48.614273	 
35	63.20445	48.715206	 
36	63.657696	48.87065	 
37	64.07184	48.91627	 
38	64.566795	49.061817	 
39	65.032585	49.243084	 
40	65.33809	49.32218	 
41	65.82513	49.45123	 
42	66.231514	49.524952	 
43	66.808754	49.61152	 
44	67.10211	49.723038	 
45	67.4432	49.864635	 
46	67.884056	49.987926	 
47	68.35598	50.12122	 
48	68.878784	50.162304	 
49	69.18728	50.310036	 
50	69.50535	50.288677	 
51	69.7778	50.270935	 
52	70.302826	50.442085	 
53	70.67136	50.431896	 
54	70.92339	50.5646	 
55	71.36938	50.65398	 
56	71.79798	50.69665	 
57	72.29674	50.85883	 
58	72.77894	50.99893	 
59	73.474556	51.140373	 
60	74.333824	51.464	 
61	75.12064	51.869404	 
62	76.3109	52.411232	 
63	77.5989	53.150185	 
64	79.105156	54.092667	 
65	80.8755	55.37068	 
66	82.87084	57.189777	 
67	85.11936	59.74814	 
68	87.55489	63.31996	 
69	90.02209	68.004715	 
70	92.34216	73.76528	 
71	94.36866	80.76997	 
72	96.5105	88.99131	 
73	98.86018	98.552986	 
74	101.24338	109.187904	 
75	103.77393	121.3261	 
76	106.248474	134.57428	 
77	108.61851	149.19101	 
78	110.90471	165.1135	 
79	113.24552	182.24014	 
80	115.472	200.73582	 
81	117.68069	220.52637	 
82	119.795105	241.67863	 
83	121.919205	264.12378	 
84	124.00538	287.75934	 
85	126.00911	312.739	 
86	127.99391	339.192	 
87	129.91298	366.88303	 
88	131.80443	396.01712	 
89	133.68027	426.40488	 
90	135.43945	458.2639	 
91	137.18942	491.50037	 
92	138.94586	525.9228	 
93	140.67574	561.8401	 
94	142.28716	599.22864	 
95	143.84566	638.0139	 
96	145.36494	678.134	 
97	146.88158	719.78064	 
98	148.34561	762.74786	 
99	149.72627	807.06146	 
100	151.13301	853.0668	 
101	152.43338	900.425	 
102	153.64632	949.4456	 
103	154.9509	998.2234	 
104	157.8813	1002.6896	 
105	162.13528	975.4832	 
106	166.50388	944.993	 
107	170.69536	916.0086	 
108	174.88503	888.3299	 
109	178.9583	862.09076	 
110	183.05931	837.33105	 
111	186.9956	813.7912	 
112	191.04645	791.75397	 
113	194.91942	771.0144	 
114	198.77052	751.66034	 
115	202.61865	733.7206	 
116	206.33304	717.105	 
117	210.04051	701.63684	 
118	213.67511	687.68616	 
119	217.29062	675.0656	 
120	220.8031	663.81946	 
121	224.37625	653.82666	 
122	227.85002	645.1303	 
123	231.16083	637.79767	 
124	234.65482	631.835	 
125	237.97888	627.1256	 
126	241.2457	623.80695	 
127	244.59569	621.6687	 
128	247.73906	620.8995	 
129	250.88492	621.6066	 
130	253.98383	623.316	 
131	257.06226	626.54333	 
132	260.16183	631.00183	 
133	263.11084	636.71985	 
134	266.12167	643.8791	 
135	269.0481	652.3279	 
136	271.91504	662.05133	 
137	274.7158	673.0561	 
138	277.59003	685.21265	 
139	280.35382	698.98083	 
140	283.0829	713.85693	 
141	285.81085	730.1574	 
142	288.48007	747.6899	 
143	291.13873	766.7441	 
144	293.669	786.9555	 
145	296.19904	808.5858	 
146	298.73877	831.4413	 
147	301.14435	855.69763	 
148	303.62857	881.25336	 
149	306.0503	908.43744	 
150	308.382	936.7448	 
151	310.691	966.4275	 
152	312.9583	997.24646	 
153	316.3176	1012.3022	 
154	319.15067	1001.48145	 
155	322.7051	983.93274	 
156	326.36407	965.58875	 
157	329.898	948.5594	 
158	333.3909	932.9475	 
159	336.8892	918.72784	 
160	340.25256	905.658	 
161	343.62363	894.19354	 
162	347.03003	883.8847	 
163	350.31613	874.9436	 
164	353.56717	867.48083	 
165	356.71582	861.1169	 
166	359.87418	856.1405	 
167	363.0022	852.61664	 
168	365.99225	850.2712	 
169	369.19168	849.3168	 
170	372.2833	849.5368	 
171	375.17136	851.19867	 
172	378.19315	854.19904	 
173	381.12985	858.3389	 
174	383.96832	864.006	 
175	386.8331	870.905	 
176	389.63382	879.1168	 
177	392.36758	888.60754	 
178	395.2897	899.42206	 
179	397.86972	911.6722	 
180	400.5987	925.22205	 
181	403.28275	939.9338	 
182	405.776	955.9983	 
183	408.2888	973.30206	 
184	410.8673	992.05634	 
185	413.4224	1008.1323	 
186	416.457	1013.57184	 
187	419.0927	1005.8449	 
188	422.0206	995.2565	 
189	424.90503	983.4905	 
190	427.76422	973.03033	 
191	430.68735	963.8468	 
192	433.3905	956.03845	 
193	436.14816	949.5753	 
194	438.91473	944.29944	 
195	441.64307	940.44617	 
196	444.34998	937.8893	 
197	447.05576	936.7344	 
198	449.0757	936.9216	 
199	450.7481	938.1957	 
200	452.42004	940.9648	 
201	453.87527	945.0236	 
202	455.17065	950.3	 
203	456.3919	957.05646	 
204	457.56674	965.12146	 
205	458.7704	974.5103	 
206	459.7568	985.23816	 
207	460.32373	996.7693	 
208	460.7346	1006.5154	 
