22	14.593625	40.653385	 
23	14.76942	40.58161	 
24	14.909932	40.56329	 
25	15.133397	40.480804	 
26	15.3179245	40.45566	 
27	15.523234	40.43959	 
28	15.710623	40.412086	 
29	15.946348	40.428764	 
30	16.218334	40.39814	 
31	16.329824	40.35614	 
32	16.576857	40.367012	 
33	16.75964	40.365467	 
34	16.918999	40.359203	 
35	17.1401	40.324665	 
36	17.338308	40.331676	 
37	17.60659	40.36493	 
38	17.831715	40.263756	 
39	18.066322	40.37927	 
40	18.309898	40.31854	 
41	18.596422	40.42224	 
42	18.782875	40.37691	 
43	19.003048	40.42683	 
44	19.268768	40.376125	 
45	19.471132	40.402294	 
46	19.721323	40.433823	 
47	20.09243	40.475254	 
48	20.35018	40.588173	 
49	20.57305	40.50851	 
50	20.820978	40.464336	 
51	21.115438	40.566063	 
52	21.36345	40.568966	 
53	21.599932	40.624573	 
54	21.836277	40.66576	 
55	22.14785	40.725807	 
56	22.450993	40.73841	 
57	22.762812	40.833115	 
58	23.042671	40.804886	 
59	23.329567	40.899612	 
60	23.718332	40.88256	 
61	24.003466	40.943604	 
62	24.316236	41.000942	 
63	24.64499	41.030804	 
64	24.877708	41.065327	 
65	25.229282	41.102825	 
66	25.571299	41.199574	 
67	25.883917	41.19589	 
68	26.277779	41.27958	 
69	26.547136	41.360382	 
70	26.857143	41.35	 
71	27.252949	41.426296	 
72	27.632822	41.508263	 
73	28.070087	41.63431	 
74	28.37653	41.680546	 
75	28.868052	41.80193	 
76	29.171902	41.844387	 
77	29.676607	41.86132	 
78	30.024363	41.940834	 
79	30.75276	41.968914	 
80	31.210648	42.019676	 
81	31.736216	42.009575	 
82	32.36311	42.043503	 
83	32.88043	42.04082	 
84	33.49129	42.069687	 
85	34.033646	42.089233	 
86	34.62317	42.126392	 
87	35.127758	42.164345	 
88	35.693962	42.102207	 
89	36.29652	42.20203	 
90	36.783806	42.205746	 
91	37.420578	42.251305	 
92	38.045456	42.277973	 
93	38.685596	42.30152	 
94	39.18195	42.33633	 
95	39.73153	42.333042	 
96	40.409725	42.37653	 
97	40.93234	42.436146	 
98	41.638905	42.439964	 
99	42.23306	42.502922	 
100	42.78504	42.51649	
101	43.31235	42.558823	 
102	43.991756	42.57126	 
103	44.501167	42.61545	 
104	45.098003	42.614437	 
105	45.832745	42.637325	 
106	46.445423	42.66608	 
107	46.95417	42.715042	 
108	47.647995	42.79658	 
109	48.207867	42.783264	 
110	48.8608	42.75721	 
111	49.504116	42.895294	 
112	50.054905	42.85408	 
113	50.87397	42.888103	 
114	51.425533	42.86702	 
115	51.98207	42.91329	 
116	52.755432	42.96741	 
117	53.317966	42.999706	 
118	53.90612	43.010887	 
119	54.58274	43.02778	 
120	55.200176	43.09318	 
121	55.798412	43.11448	 
122	56.60622	43.05047	 
123	57.16549	43.147232	 
124	57.705673	43.131207	 
125	58.528942	43.14619	 
126	59.185986	43.264637	 
127	59.729904	43.235226	 
128	60.474586	43.300236	 
129	61.039963	43.31705	 
130	61.638527	43.318073	 
131	62.34329	43.382908	 
132	63.08921	43.41168	 
133	63.71853	43.42696	 
134	64.373146	43.44665	 
135	65.00178	43.52962	 
136	65.730675	43.525368	 
137	66.557465	43.59301	 
138	67.97001	44.372547	 
139	68.73872	44.498287	 
140	69.34007	44.417435	 
141	70.030426	44.44145	 
142	70.56346	44.46855	 
143	71.22497	44.547756	 
144	72.030624	44.56411	 
145	72.849655	44.70672	 
146	73.26335	44.455772	 
147	74.20029	44.854107	 
148	75.11308	44.951214	 
149	75.94894	45.078003	 
150	76.67103	45.167408	 
151	77.42782	45.230705	 
152	78.239586	45.497257	 
153	78.88106	45.546257	 
154	79.69344	45.66776	 
155	80.32888	45.75613	 
156	81.18814	45.944443	 
157	81.95237	46.237095	 
158	82.6766	46.26064	 
159	83.36229	46.34799	 
160	84.19869	46.60966	 
161	85.02154	46.782303	 
162	85.73421	46.948895	 
163	86.46195	47.200256	 
164	87.17748	47.400608	 
165	87.88272	47.59292	 
166	88.703094	47.843315	 
167	89.38393	47.944443	 
168	90.17157	48.22353	 
169	90.86558	48.28172	 
170	91.54727	48.51592	 
171	92.14624	48.527287	 
172	92.88231	48.81146	 
173	93.561005	48.97865	 
174	94.24557	49.01214	 
175	94.93454	49.248375	 
176	95.49816	49.340626	 
177	96.19628	49.53717	 
178	96.807	49.67156	 
179	97.375786	49.70027	 
180	98.122	49.91127	 
181	98.655785	50.042366	 
182	99.22831	50.11569	 
183	99.825775	50.275402	 
184	100.50301	50.347244	 
185	101.2387	50.71398	 
186	101.976974	50.927967	 
187	102.841484	51.2344	 
188	103.943794	51.721066	 
189	105.09239	52.38549	 
190	106.51146	53.01923	 
191	107.94534	53.935223	 
192	109.675415	55.08035	 
193	111.629	56.636883	 
194	113.745605	58.51523	 
195	116.13402	61.21693	 
196	118.59029	64.87443	 
197	121.00557	69.6601	 
198	123.13792	75.59934	 
199	125.38208	82.69344	 
200	127.75992	91.12925
201	130.25752	100.76832	 
202	132.79532	111.61438	 
203	135.36375	123.81663	 
204	137.88098	137.20486	 
205	140.24132	152.03366	 
206	142.7368	168.05511	 
207	145.05493	185.4224	 
208	147.3444	204.1029	 
209	149.62808	224.09386	 
210	151.86583	245.33197	 
211	154.11536	267.9303	 
212	156.29987	291.89038	 
213	158.28658	317.0371	 
214	160.43411	343.68173	 
215	162.33939	371.53134	 
216	164.3277	400.78577	 
217	166.20331	431.36728	 
218	168.08266	463.51904	 
219	169.89255	496.7881	 
220	171.65536	531.5432	 
221	173.44022	567.72345	 
222	175.14389	605.22205	 
223	176.8253	644.20404	 
224	178.44568	684.65424	 
225	179.97055	726.41266	 
226	181.5403	769.60333	 
227	182.99568	814.3153	 
228	184.39938	860.4645	 
229	185.80573	908.03	 
230	187.1386	957.3074	 
231	188.47842	1002.97284	 
232	191.6072	1000.27466	 
233	195.58714	970.324	 
234	199.59709	938.8651	 
235	203.56856	908.8684	 
236	207.39822	880.24225	 
237	211.2655	852.97144	 
238	215.09784	827.118	 
239	218.73128	802.68134	 
240	222.37521	779.79175	 
241	225.97005	758.06464	 
242	229.50667	737.8026	 
243	233.00542	718.8085	 
244	236.44943	701.24506	 
245	239.81601	685.00793	 
246	243.20897	670.05994	 
247	246.56097	656.5879	 
248	249.75948	644.26605	 
249	252.98175	633.37555	 
250	256.11078	623.83	 
251	259.2461	615.5941	 
252	262.22476	608.6522	 
253	265.3199	603.19617	 
254	268.27658	598.7636	 
255	271.23404	595.76917	 
256	274.16016	594.279	 
257	276.97824	593.8419	 
258	279.78598	594.70667	 
259	282.6807	597.01166	 
260	285.3526	600.47675	 
261	288.02887	605.3604	 
262	290.69763	611.45276	 
263	293.26282	618.90094	 
264	295.82953	627.6512	 
265	298.4534	637.6237	 
266	300.8263	649.1705	 
267	303.31955	661.6668	 
268	305.72397	675.6328	 
269	308.16147	690.93256	 
270	310.4831	707.58527	 
271	312.72913	725.39026	 
272	315.0901	744.7717	 
273	317.22092	765.25824	 
274	319.4504	787.159	 
275	321.5072	810.2468	 
276	323.6906	834.87256	 
277	325.74945	860.6442	 
278	327.7618	888.0063	 
279	329.7119	916.6058	 
280	331.6119	946.6105	 
281	333.57748	978.00964	 
282	335.7025	1005.3119	 
283	338.38168	1007.53735	 
284	341.07535	992.86774	 
285	344.27237	972.3261	 
286	347.29877	953.118	 
287	350.32907	935.33124	 
288	353.20233	918.7795	 
289	356.22913	903.6258	 
290	358.9534	889.72034	 
291	361.84015	877.5307	 
292	364.6001	866.4272	 
293	367.33084	856.6046	 
294	370.00073	848.19434	 
295	372.58978	840.9221	 
296	375.2512	835.14856	 
297	377.8388	830.67413	 
298	380.32922	827.4703	 
299	382.78372	825.6294	 
300	385.31378	825.0418	 
301	387.67053	825.7788	 
302	390.0567	827.78937	 
303	392.43597	831.2145	 
304	394.7022	835.7822	 
305	396.98068	841.7422	 
306	399.30765	849.11676	 
307	401.47772	857.624	 
308	403.64487	867.29553	 
309	405.77142	878.566	 
310	407.95352	891.10645	 
311	409.8509	904.8281	 
312	412.03412	919.7519	 
313	413.93866	936.22797	 
314	415.93643	953.86475	 
315	417.80786	972.8809	 
316	419.65256	993.2074	 
317	421.75937	1009.5784	 
318	424.13593	1011.4804	 
319	426.3843	1002.53687	 
320	429.11227	989.23315	 
321	431.72128	976.5189	 
322	434.24365	965.2751	 
323	436.73593	955.26935	 
324	439.2203	946.5554	 
325	441.71777	939.1564	 
326	444.04828	933.138	 
327	446.43997	928.44226	 
328	448.74063	925.0589	 
329	451.0451	922.86316	 
330	453.36972	921.9877	 
331	455.41254	922.3368	 
332	457.6509	924.12823	 
333	459.853	927.23413	 
334	461.93335	931.44745	 
335	464.0491	937.15796	 
336	466.0598	944.0021	 
337	468.13422	952.30304	 
338	470.15518	961.86816	 
339	472.07132	972.6968	 
340	474.07663	984.8096	 
341	475.99463	998.3501	 
342	477.02786	1007.9222	 
343	478.61102	1012.9868	 
344	479.74976	1007.1965	 
345	481.3825	1001.13525	 
346	483.03516	993.2625	 
347	484.1708	985.7448	 
348	485.39395	979.42944	 
349	486.41058	974.5586	 
350	487.50314	971.1459	 
351	488.5089	968.9339	 
352	489.41602	968.04346	 
353	490.29544	968.3328	 
354	491.1753	970.0198	 
355	491.85913	972.8956	 
356	492.7764	977.4331	 
357	493.42612	982.7999	 
358	493.94553	989.54376	 


